0 0 0 135.5 1
0 0 1 136.5 1.07126072
0 0 3 148.5 1.042456468
0 0 4 130.5 1.035433977
0 0 6 150.5 0.948906432
0 0 7 134.5 1.008356175
0 0 8 145.5 1
0 0 9 132.5 0.990633031
0 0 11 152.5 1.198698646
0 0 12 140.5 1.094435063
0 0 14 141.5 0.995205027
0 0 15 153.5 1.050908957
0 1 0 137.5 1
0 1 1 136.5 0.971862607
0 1 3 134.5 1.003216423
0 1 4 135.5 0.946278306
0 1 6 146.5 0.882334828
0 1 7 144.5 1.021982357
0 1 8 154.5 1
0 1 9 147.5 1.02415482
0 1 11 142.5 1.115774487
0 1 12 129.5 0.975854241
0 1 14 154.5 1.079161095
0 1 15 143.5 0.969475943
0 2 0 148.5 1
0 2 1 130.5 1.14496002
0 2 3 135.5 1.050402404
0 2 4 133.5 1.07368219
0 2 6 131.5 1.11633995
0 2 7 124.5 1.183657817
0 2 8 154.5 1
0 2 9 147.5 1.004286382
0 2 11 131.5 1.47012572
0 2 12 137.5 1.219578615
0 2 14 140.5 1.269881937
0 2 15 140.5 1.133761814
0 3 0 141.5 1
0 3 1 126.5 0.995489361
0 3 3 130.5 0.995733566
0 3 4 127.5 0.994126102
0 3 6 131.5 1.012609554
0 3 7 134.5 0.960101657
0 3 8 156.5 1
0 3 9 125.5 0.924581704
0 3 11 125.5 0.946584287
0 3 12 126.5 0.957755854
0 3 14 136.5 0.983037132
0 3 15 139.5 1.037667517
0 4 0 146.5 1
0 4 1 157.5 1.106094757
0 4 3 162.5 1.145909313
0 4 4 158.5 1.342227012
0 4 6 141.5 0.779541733
0 4 7 142.5 0.762874475
0 4 8 165.5 1
0 4 9 147.5 1.140036973
0 4 11 152.5 1.043292925
0 4 12 164.5 1.110670182
0 4 14 160.5 1.006772694
0 4 15 159.5 1.016627127
0 5 0 146.5 1
0 5 1 150.5 1.027166664
0 5 3 142.5 1.067295849
0 5 4 152.5 1.044775039
0 5 6 141.5 0.779541733
0 5 7 142.5 0.762874476
0 5 8 167.5 1
0 5 9 147.5 0.895606723
0 5 11 146.5 0.925323418
0 5 12 145.5 0.91705404
0 5 14 144.5 0.609775751
0 5 15 154.5 0.5696871
0 6 0 144.5 1
0 6 1 140.5 1.040095626
0 6 3 124.5 0.944061033
0 6 4 129.5 0.942274831
0 6 6 126.5 0.876433356
0 6 7 127.5 0.885298537
0 6 8 157.5 1
0 6 9 142.5 0.913724385
0 6 11 140.5 0.878505008
0 6 12 133.5 0.957158322
0 6 14 141.5 0.934792358
0 6 15 132.5 0.948570825
0 7 0 144.5 1
0 7 1 147.5 1.01170052
0 7 3 145.5 1.057915063
0 7 4 138.5 0.908957981
0 7 6 148.5 0.720493601
0 7 7 150.5 0.719312221
0 7 8 160.5 1
0 7 9 144.5 0.951658052
0 7 11 148.5 1.078122877
0 7 12 151.5 1.00695779
0 7 14 162.5 0.832555802
0 7 15 145.5 0.786869123
0 8 0 148.5 1
0 8 1 140.5 1.189836631
0 8 3 140.5 1.173524463
0 8 4 134.5 1.221708861
0 8 6 136.5 1.027923304
0 8 7 138.5 1.11291418
0 8 8 137.5 1
0 8 9 143.5 0.973605095
0 8 11 147.5 0.87114396
0 8 12 144.5 1.014313793
0 8 14 150.5 1.052612722
0 8 15 155.5 1.064185744
0 9 0 148.5 1
0 9 1 148.5 0.946098274
0 9 3 143.5 0.914565229
0 9 4 148.5 0.93809049
0 9 6 158.5 0.972942832
0 9 7 151.5 0.846302766
0 9 8 1 0
0 9 9 151.5 1
0 9 11 149.5 1
0 9 12 151.5 1
0 9 14 148.5 1
0 9 15 150.5 1
1 0 0 167.5 1
1 0 1 166.5 1.039824206
1 0 3 150.5 1.074992139
1 0 4 152.5 1.107166999
1 0 6 144.5 1.106028253
1 0 7 150.5 1.169219608
1 0 8 150.5 1
1 0 9 146.5 0.914403429
1 0 11 144.5 0.686740105
1 0 12 131.5 0.841623462
1 0 14 129.5 0.694565093
1 0 15 130.5 0.871039427
1 1 0 160.5 1
1 1 1 144.5 0.91380474
1 1 3 156.5 0.829366932
1 1 4 145.5 0.859927949
1 1 6 158.5 0.977508987
1 1 7 146.5 0.866955924
1 1 8 150.5 1
1 1 9 145.5 0.997049553
1 1 11 155.5 0.945011515
1 1 12 148.5 0.966504022
1 1 14 161.5 0.912593716
1 1 15 144.5 1.016110596
1 2 0 141.5 1
1 2 1 142.5 1.169555998
1 2 3 146.5 1.234461531
1 2 4 157.5 1.275391554
1 2 6 157.5 1.213125234
1 2 7 154.5 1.204894357
1 2 8 153.5 1
1 2 9 144.5 1.106233162
1 2 11 132.5 1.11637631
1 2 12 145.5 1.446203309
1 2 14 130.5 1.308369161
1 2 15 135.5 1.408171909
1 3 0 141.5 1
1 3 1 136.5 1.315673424
1 3 3 149.5 1.239785855
1 3 4 131.5 1.445150729
1 3 6 146.5 1.391244724
1 3 7 129.5 1.336416046
1 3 8 144.5 1
1 3 9 131.5 0.986805251
1 3 11 127.5 0.970870298
1 3 12 128.5 0.942686619
1 3 14 136.5 0.967489997
1 3 15 137.5 0.980099566
1 4 0 155.5 1
1 4 1 149.5 1.054051555
1 4 3 144.5 1.010998206
1 4 4 172.5 0.799031482
1 4 6 147.5 0.734180961
1 4 7 145.5 0.717005365
1 4 8 172.5 1
1 4 9 162.5 1.035088832
1 4 11 163.5 1.021355715
1 4 12 163.5 0.95572356
1 4 14 161.5 1.017136123
1 4 15 171.5 1.014053825
1 5 0 173.5 1
1 5 1 151.5 0.937048665
1 5 3 163.5 0.979835197
1 5 4 156.5 0.995089384
1 5 6 154.5 0.582564419
1 5 7 165.5 0.573713885
1 5 8 177.5 1
1 5 9 172.5 0.746706666
1 5 11 188.5 0.855840387
1 5 12 199.5 0.843932754
1 5 14 171.5 0.577162282
1 5 15 182.5 0.587494595
1 6 0 153.5 1
1 6 1 159.5 1.023785099
1 6 3 154.5 1.036680364
1 6 4 147.5 1.032957069
1 6 6 151.5 1.091520071
1 6 7 149.5 1.001763262
1 6 8 177.5 1
1 6 9 150.5 1.005553743
1 6 11 152.5 1.017432779
1 6 12 150.5 1.053606917
1 6 14 145.5 0.993390922
1 6 15 153.5 0.997066264
1 7 0 142.5 1
1 7 1 140.5 1.092027741
1 7 3 148.5 1.011116779
1 7 4 155.5 1.06554551
1 7 6 153.5 1.045890242
1 7 7 158.5 0.959333273
1 7 8 153.5 1
1 7 9 136.5 1.061218018
1 7 11 135.5 1.070826477
1 7 12 154.5 1.291447976
1 7 14 175.5 0.994785628
1 7 15 159.5 1.01309815
1 8 0 130.5 1
1 8 1 143.5 1.040360297
1 8 3 147.5 1.066576087
1 8 4 138.5 1.036217098
1 8 6 144.5 0.9856868
1 8 7 138.5 1.151696656
1 8 8 141.5 1
1 8 9 151.5 1.147753597
1 8 11 146.5 1.167770871
1 8 12 142.5 1.117614888
1 8 14 144.5 1.256512792
1 8 15 148.5 1.102661898
1 9 0 1 0
1 9 1 146.5 1
1 9 3 131.5 1
1 9 4 144.5 1
1 9 6 135.5 1
1 9 7 143.5 1
1 9 8 141.5 1
1 9 9 147.5 0.915056144
1 9 11 137.5 0.919932111
1 9 12 145.5 1.0156792
1 9 14 134.5 1.037288453
1 9 15 149.5 0.763176754
2 0 0 128.5 1
2 0 1 147.5 1.244767627
2 0 3 148.5 1.055706284
2 0 4 149.5 1.22937811
2 0 6 137.5 0.940852572
2 0 7 144.5 1.149801881
2 0 8 131.5 1
2 0 9 137.5 1.416952553
2 0 11 135.5 1.25578215
2 0 12 140.5 1.278331845
2 0 14 142.5 1.233680333
2 0 15 141.5 1.257246853
2 1 0 153.5 1
2 1 1 166.5 0.970203734
2 1 3 142.5 0.866389266
2 1 4 151.5 0.945698857
2 1 6 149.5 0.857359861
2 1 7 153.5 0.998657206
2 1 8 129.5 1
2 1 9 133.5 0.996201886
2 1 11 141.5 1.191292309
2 1 12 139.5 1.119291517
2 1 14 130.5 1.184172181
2 1 15 130.5 0.967861378
2 2 0 171.5 1
2 2 1 167.5 1.06325548
2 2 3 161.5 0.992052889
2 2 4 148.5 1.026491305
2 2 6 151.5 0.849191594
2 2 7 144.5 0.986778466
2 2 8 142.5 1
2 2 9 142.5 0.967411775
2 2 11 131.5 1.179668115
2 2 12 136.5 1.164019094
2 2 14 134.5 1.346726384
2 2 15 130.5 1.283253465
2 3 0 157.5 1
2 3 1 171.5 0.918449816
2 3 3 147.5 0.967256191
2 3 4 160.5 0.970358364
2 3 6 167.5 0.928539572
2 3 7 170.5 0.913750759
2 3 8 145.5 1
2 3 9 144.5 1.007582206
2 3 11 152.5 0.993071471
2 3 12 152.5 0.970805165
2 3 14 153.5 1.016344916
2 3 15 157.5 1.033707103
2 4 0 160.5 1
2 4 1 174.5 1.046408416
2 4 3 161.5 1.006319137
2 4 4 153.5 1.071233176
2 4 6 157.5 1.068929958
2 4 7 161.5 1.000104014
2 4 8 163.5 1
2 4 9 157.5 1.223098732
2 4 11 162.5 1.581448736
2 4 12 162.5 1.673637492
2 4 14 153.5 1.933878783
2 4 15 153.5 1.97408141
2 5 0 138.5 1
2 5 1 146.5 0.950037666
2 5 3 144.5 1.014584934
2 5 4 144.5 0.938244634
2 5 6 147.5 0.980648574
2 5 7 157.5 0.883668363
2 5 8 149.5 1
2 5 9 140.5 1.071782164
2 5 11 136.5 0.757265748
2 5 12 135.5 0.935504953
2 5 14 145.5 1.023141931
2 5 15 148.5 1.017684187
2 6 0 158.5 1
2 6 1 135.5 1.083733009
2 6 3 151.5 1.0900242
2 6 4 144.5 1.134798021
2 6 6 148.5 1.14931359
2 6 7 141.5 1.154667342
2 6 8 136.5 1
2 6 9 135.5 1.033863643
2 6 11 133.5 1.11160297
2 6 12 134.5 0.940756778
2 6 14 124.5 1.074717571
2 6 15 127.5 1.09191018
2 7 0 171.5 1
2 7 1 167.5 0.950312516
2 7 3 168.5 1.017681059
2 7 4 158.5 0.829204423
2 7 6 148.5 0.846635364
2 7 7 150.5 0.75653106
2 7 8 142.5 1
2 7 9 147.5 0.906172128
2 7 11 151.5 0.981725058
2 7 12 135.5 0.977376962
2 7 14 155.5 1.083577277
2 7 15 151.5 1.002076661
2 8 0 1 0
2 8 1 1 0
2 8 3 1 0
2 8 4 1 0
2 8 6 1 0
2 8 7 1 0
2 8 8 1 0
2 8 9 146.5 0.965785569
2 8 11 142.5 0.942922888
2 8 12 144.5 1.039512633
2 8 14 148.5 1.032394214
2 8 15 150.5 1.042779621
2 9 0 1 0
2 9 1 1 0
2 9 3 1 0
2 9 4 1 0
2 9 6 1 0
2 9 7 1 0
2 9 8 1 0
2 9 9 171.5 0.891876716
2 9 11 144.5 0.823162371
2 9 12 152.5 0.995680717
2 9 14 157.5 0.952146851
2 9 15 144.5 0.787240647
3 0 0 129.5 1
3 0 1 129.5 0.999243966
3 0 3 124.5 1.022791316
3 0 4 137.5 1.042390005
3 0 6 130.5 1.06100026
3 0 7 1 0
3 0 8 125.5 1
3 0 9 125.5 1.06571954
3 0 11 1 0
3 0 12 111.5 1.076432483
3 0 14 122.5 1.031744202
3 0 15 125.5 1.021300907
3 1 0 132.5 1
3 1 1 121.5 1.075911997
3 1 3 124.5 0.961824011
3 1 4 119.5 0.893270249
3 1 6 139.5 1.028742009
3 1 7 134.5 1.033883844
3 1 8 127.5 1
3 1 9 129.5 1.036916887
3 1 11 140.5 1.164931948
3 1 12 126.5 1.031170804
3 1 14 130.5 1.035281222
3 1 15 120.5 1.085866573
3 2 0 127.5 1
3 2 1 113.5 1.058841655
3 2 3 111.5 1.169938334
3 2 4 132.5 1.034813335
3 2 6 128.5 1.076995054
3 2 7 145.5 0.834127835
3 2 8 124.5 1
3 2 9 110.5 0.981493664
3 2 11 119.5 1.127229114
3 2 12 122.5 0.985438111
3 2 14 126.5 1.033930314
3 2 15 125.5 0.876154424
3 3 0 110.5 1
3 3 1 111.5 0.998337105
3 3 3 115.5 1.12842448
3 3 4 118.5 1.042955233
3 3 6 105.5 0.96172578
3 3 7 111.5 0.932962885
3 3 8 120.5 1
3 3 9 128.5 0.982991613
3 3 11 118.5 0.982482877
3 3 12 116.5 0.937935575
3 3 14 119.5 1.074267475
3 3 15 117.5 0.903483963
3 4 0 131.5 1
3 4 1 121.5 1.027119411
3 4 3 107.5 1.059003238
3 4 4 119.5 1.021961579
3 4 6 110.5 1.066955633
3 4 7 107.5 1.040251595
3 4 8 142.5 1
3 4 9 131.5 1.18844924
3 4 11 139.5 1.027917571
3 4 12 129.5 1.063860734
3 4 14 135.5 0.96801037
3 4 15 141.5 0.983636839
3 5 0 128.5 1
3 5 1 116.5 0.998898032
3 5 3 119.5 1.013373394
3 5 4 124.5 1.040587701
3 5 6 113.5 1.047504097
3 5 7 137.5 0.955221971
3 5 8 155.5 1
3 5 9 139.5 1.017622682
3 5 11 134.5 1.069569617
3 5 12 140.5 1.006688229
3 5 14 142.5 0.710281156
3 5 15 130.5 0.726022493
3 6 0 127.5 1
3 6 1 121.5 0.98150225
3 6 3 131.5 0.895884059
3 6 4 131.5 0.933340791
3 6 6 127.5 0.918280607
3 6 7 133.5 0.975584842
3 6 8 136.5 1
3 6 9 128.5 0.713384952
3 6 11 126.5 0.588668738
3 6 12 110.5 0.616643127
3 6 14 1 0
3 6 15 129.5 0.595271125
3 7 0 121.5 1
3 7 1 114.5 0.948907353
3 7 3 130.5 1.077023421
3 7 4 136.5 1.003945347
3 7 6 128.5 1.045238271
3 7 7 120.5 0.93385927
3 7 8 129.5 1
3 7 9 129.5 0.995320375
3 7 11 117.5 0.92449657
3 7 12 123.5 0.99918622
3 7 14 135.5 0.934164336
3 7 15 137.5 0.85149753
3 8 0 116.5 1
3 8 1 110.5 0.913454965
3 8 3 110.5 0.993093313
3 8 4 114.5 1.060173851
3 8 6 113.5 1.020369179
3 8 7 125.5 1.056629236
3 8 8 121.5 1
3 8 9 121.5 0.988553055
3 8 11 123.5 0.985213378
3 8 12 116.5 1.000838463
3 8 14 108.5 0.949176402
3 8 15 132.5 1.083941551
3 9 0 119.5 1
3 9 1 126.5 1.064170408
3 9 3 1 0
3 9 4 117.5 0.831496144
3 9 6 114.5 0.98516567
3 9 7 108.5 0.969617509
3 9 8 1 0
3 9 9 107.5 0
3 9 11 111.5 0
3 9 12 106.5 0
3 9 14 115.5 0
3 9 15 121.5 0
4 0 0 141.5 1
4 0 1 137.5 0.972963268
4 0 3 153.5 1.061351805
4 0 4 151.5 0.969059743
4 0 6 142.5 0.878042751
4 0 7 145.5 0.86594786
4 0 8 143.5 1
4 0 9 150.5 1.008293648
4 0 11 163.5 1.188096247
4 0 12 147.5 1.108942101
4 0 14 162.5 1.079810197
4 0 15 163.5 1.114814237
4 1 0 142.5 1
4 1 1 152.5 0.906729227
4 1 3 151.5 0.946332538
4 1 4 151.5 0.862688459
4 1 6 150.5 0.959658603
4 1 7 145.5 0.940863232
4 1 8 164.5 1
4 1 9 148.5 1.091269002
4 1 11 160.5 1.239620319
4 1 12 156.5 1.095433578
4 1 14 139.5 1.14337555
4 1 15 145.5 1.136690019
4 2 0 169.5 1
4 2 1 159.5 0.966742282
4 2 3 150.5 1.068634915
4 2 4 153.5 0.814385072
4 2 6 148.5 0.828498243
4 2 7 151.5 0.801759383
4 2 8 166.5 1
4 2 9 143.5 1.035036943
4 2 11 147.5 1.016875845
4 2 12 160.5 0.86827622
4 2 14 151.5 1.066181104
4 2 15 160.5 0.827032969
4 3 0 163.5 1
4 3 1 151.5 0.986188624
4 3 3 150.5 1.077774063
4 3 4 148.5 0.995426705
4 3 6 149.5 1.021204565
4 3 7 151.5 1.088772083
4 3 8 132.5 1
4 3 9 140.5 1.04229608
4 3 11 156.5 0.986888471
4 3 12 151.5 0.993239239
4 3 14 158.5 1.198799785
4 3 15 156.5 0.985584234
4 4 0 150.5 1
4 4 1 155.5 1.061644694
4 4 3 163.5 0.99816429
4 4 4 145.5 1.056316266
4 4 6 161.5 0.941072366
4 4 7 142.5 1.024548116
4 4 8 158.5 1
4 4 9 154.5 0.989504708
4 4 11 141.5 1.095316533
4 4 12 155.5 1.114290523
4 4 14 152.5 1.028369892
4 4 15 161.5 1.008960859
4 5 0 155.5 1
4 5 1 143.5 0.767537817
4 5 3 151.5 0.58556495
4 5 4 141.5 0.657609713
4 5 6 137.5 0.582121993
4 5 7 148.5 0.587228007
4 5 8 156.5 1
4 5 9 153.5 1.031118164
4 5 11 164.5 1.042887266
4 5 12 154.5 0.986251643
4 5 14 155.5 1.055169735
4 5 15 148.5 1.036876081
4 6 0 154.5 1
4 6 1 140.5 0.999830951
4 6 3 136.5 0.758210309
4 6 4 138.5 0.724943119
4 6 6 142.5 0.744633565
4 6 7 145.5 0.739013331
4 6 8 154.5 1
4 6 9 152.5 1.191244047
4 6 11 153.5 1.02212664
4 6 12 151.5 1.113963573
4 6 14 155.5 1.047002217
4 6 15 152.5 1.028128789
4 7 0 156.5 1
4 7 1 159.5 0.747015603
4 7 3 159.5 0.662432614
4 7 4 147.5 0.538321368
4 7 6 152.5 0.501560578
4 7 7 154.5 0.492112092
4 7 8 156.5 1
4 7 9 149.5 1.047856933
4 7 11 157.5 0.946433438
4 7 12 150.5 0.859393782
4 7 14 154.5 0.813436383
4 7 15 146.5 0.85547933
4 8 0 164.5 1
4 8 1 143.5 0.604942771
4 8 3 160.5 0.62838777
4 8 4 142.5 0.624993142
4 8 6 143.5 0.628679441
4 8 7 144.5 0.666846141
4 8 8 153.5 1
4 8 9 165.5 0.990174921
4 8 11 160.5 1.020149048
4 8 12 156.5 1.043970462
4 8 14 139.5 1.106709409
4 8 15 154.5 1.021857191
4 9 0 154.5 1
4 9 1 154.5 1.009017829
4 9 3 1 0
4 9 4 147.5 0.593633973
4 9 6 156.5 0.610400558
4 9 7 148.5 0.566658749
4 9 8 154.5 1
4 9 9 155.5 1.110162411
4 9 11 1 0
4 9 12 153.5 0.999290159
4 9 14 154.5 0.966854299
4 9 15 143.5 1.025959409
